[BRIDGE-PATIENT]
Name = Defaults

[JOINT-ROMs]
J1_min = -50
J2_min = -40
J3_min = -40
J4_min = 15
J5_min = 0
J1_max = 35
J2_max = 55
J3_max = 20
J4_max = 115
J5_max = 0
J1_default = -10
J2_default = 0
J3_default = 0
J4_default = 15
J5_default = 0
J1_rest = -20
J2_rest = -10
J3_rest = 10
J4_rest = 50
J5_rest = 0

[LENGTHS]
l1 = 0.2
l2 = 0.08
l3 = 0.28

[JOYSTICK]
axis_forward = 0.617156982422
axis_backward = 0.630859375
axis_left = 0.622650146484
axis_right = 0.570281982422

