[BRIDGE-PATIENT]
Name = Fabrizio

[JOINT-ROMs]
J1_min = -50
J2_min = -60
J3_min = -40
J4_min = 40
J5_min = 0
J1_max = 30
J2_max = 30
J3_max = 20
J4_max = 115
J5_max = 0
J1_default = -20
J2_default = -20
J3_default = 0
J4_default = 40
J5_default = 0
J1_rest = -20
J2_rest = -10
J3_rest = 0
J4_rest = 60
J5_rest = 0

[LENGTHS]
l1 = 0.2
l2 = 0.08
l3 = 0.28

[JOYSTICK]
axis_forward = 0.562469482422
axis_backward = 0.519744873047
axis_left = 0.582977294922
axis_right = 0.570281982422

